public/storage/wind-global.json
{"header": {"discipline":0,"disciplineName":"Meteorological products","gribEdition":2,"gribLength":79107,"center":7,"centerName":"US National Weather Service - NCEP(WMC)","subcenter":0,"refTime":"2020-03-28T18:00:00.000Z","significanceOfRT":1,"significanceOfRTName":"Start of forecast","productStatus":0,"productStatusName":"Operational products","productType":1,"productTypeName":"Forecast products","productDefinitionTemplate":0,"productDefinitionTemplateName":"Analysis/forecast at horizontal level/layer at a point in time","parameterCategory":2,"parameterCategoryName":"Momentum","parameterNumber":3,"parameterNumberName":"V-component_of_wind","parameterUnit":"m.s-1","genProcessType":2,"genProcessTypeName":"Forecast","forecastTime":0,"surface1Type":103,"surface1TypeName":"Specified height level above ground","surface1Value":10.0,"surface2Type":255,"surface2TypeName":"Missing","surface2Value":0.0,"gridDefinitionTemplate":0,"gridDefinitionTemplateName":"Latitude_Longitude","numberPoints":65160,"shape":6,"shapeName":"Earth spherical with radius of 6,371,229.0 m","gridUnits":"degrees","resolution":48,"winds":"true","scanMode":0,"nx":360,"ny":181,"basicAngle":0,"lo1":0.0,"la1":90.0,"lo2":359.0,"la2":-90.0,"dx":1.0,"dy":1.0}, "data":
[rows 78 to 103 of 181, columns 114 to 170 of 360]
-2.2057703,-2.8257704,-2.7557702,-2.3457704,-1.2757703,-2.5857704,-2.0057702,-4.9557705,-0.81577027,-1.0757703,-1.7857703,-0.72577024,-1.3157703,-2.6657703,-3.8957703,-2.4557703,-1.3257703,-2.7357702,-2.4957702,-1.1557703,1.0542297,-0.59577024,-1.2557702,-2.4257703,-3.8257704,-2.3357704,-1.2657703,-1.0857702,-1.6457703,-0.6657703,-0.94577026,-0.09577026,-0.50577027,-1.1857703,-1.7657703,-2.8757703,-2.6757703,-2.6057703,-1.7057703,-2.8357704,-3.2257702,-3.4157703,-4.0757704,-4.81577,-4.6757703,-4.23577,-3.8557703,-3.8357704,-2.4957702,-3.5657701,-3.4257703,-3.7057703,-4.23577,-4.68577,-4.68577,-5.2457705,-4.25577
-3.5157702,-2.7557702,-2.4557703,-2.3357704,0.34422973,-0.57577026,-3.9557703,-5.29577,-0.14577027,-2.1157703,-1.3357702,-2.1857703,-4.14577,-4.2457705,-4.3857703,-2.7857702,-2.3857703,-2.0857704,-2.0757704,-2.1857703,-2.2557702,-1.7557702,-2.9557703,-3.0757704,-2.3557703,-2.2057703,-1.7557702,-0.96577024,-1.2857703,-1.5457703,-1.4857702,-1.7957703,-2.0357702,-2.2957702,-2.6357703,-2.9257703,-3.3057702,-3.3357704,-3.8157701,-3.8657703,-4.5357704,-4.58577,-4.6957703,-4.5557704,-5.02577,-4.8457704,-4.48577,-3.7457702,-3.5857704,-3.7757702,-4.7157702,-4.62577,-4.33577,-4.37577,-4.64577,-3.9257703,-4.3657703
-3.5757704,-3.0957704,-2.6957703,-2.8257704,1.7542298,-1.6757703,-5.10577,-1.2057703,-5.3457704,-0.07577027,-1.7957703,-1.9057703,-1.3757702,0.08422974,-1.5557703,-1.8657702,-2.2557702,-2.3457704,-2.2357702,-1.2657703,-2.8657703,-3.0757704,-2.7457702,-3.3457704,-4.0957704,-3.9657702,-3.0757704,-2.6457703,-3.3757703,-2.4757702,-1.8257703,-1.5157703,-3.0057702,-3.9357703,-4.1757703,-4.12577,-3.5957704,-3.0057702,-3.0557702,-4.7257705,-5.2657704,-5.43577,-4.7657704,-3.5457702,-3.4557703,-5.14577,-3.9357703,-2.8857703,-4.7157702,-4.83577,-4.4757705,-4.8657703,-5.4557705,-4.8257704,-4.58577,-4.8457704,-4.37577
-2.9957702,-3.4357703,-2.5657701,0.5042297,0.26422974,-3.0557702,-4.3457704,-3.9457703,0.08422974,-3.3757703,-4.7657704,2.0942297,-0.28577027,-2.3057702,-3.6157703,-2.4057703,-3.0957704,-2.1757703,-1.9257703,-2.9857702,-3.0657701,-4.2157702,-3.5657701,-4.27577,-3.6757703,-3.8557703,-3.7157702,-3.4457703,-3.4957702,-2.5557702,-2.4657702,-0.9957703,-3.1757703,-3.9757702,-4.02577,-4.4757705,-3.8857703,-3.0757704,-3.1357703,-3.7757702,-4.10577,-4.75577,-3.7357702,-3.8057702,-3.6157703,-4.0357704,-3.6357703,-4.4457703,-5.62577,-5.6157703,-4.9657702,-5.3857703,-5.4957705,-4.7257705,-4.7657704,-4.06577,-3.7857702
-2.7157702,-1.7557702,-1.6757703,-1.2957703,-3.4257703,-2.7557702,-3.3657703,-4.2057705,-5.31577,-0.6157703,-0.46577027,-1.0057702,-0.5557703,-3.5057702,-2.9657702,-3.0957704,-2.2157702,-2.9557703,-3.4257703,-2.8757703,-3.9257703,-3.9857702,-3.8357704,-2.6557703,-3.1957703,-3.2657702,-4.35577,-4.4257703,-4.81577,-4.81577,-3.9357703,-2.9457703,-3.0857704,-2.3257704,-2.4157703,-3.5957704,-3.1557703,-3.8557703,-3.3957703,-4.12577,-4.7157702,-3.8757703,-2.6457703,-3.0457702,-3.2957702,-3.4057703,-3.1657703,-4.37577,-4.9757705,-5.0757704,-5.27577,-5.73577,-5.3657703,-4.73577,-4.8057704,-4.6557703,-4.6157703
-2.9857702,-3.0057702,-1.5057702,0.8742297,-2.8657703,-2.3357704,-4.62577,-6.85577,-0.45577025,-1.4757702,1.0642297,0.20422974,-1.8957703,-5.56577,-2.5957704,-3.4757702,-3.2257702,-3.3557703,-2.2557702,-2.5157702,-2.7657702,-3.7757702,-3.3657703,-3.6157703,-3.9457703,-4.5757704,-5.3057704,-4.9957705,-5.08577,-5.68577,-4.89577,-3.9857702,-3.4057703,-2.7757702,-3.8957703,-3.7057703,-3.6157703,-3.0257702,-3.3957703,-3.4257703,-3.6457703,-4.8257704,-5.1557703,-5.9757705,-3.7657702,-3.5857704,-3.8657703,-4.41577,-4.56577,-4.79577,-5.2057705,-5.7157702,-6.3657703,-2.6257703,-1.2557702,-4.4057703,-4.0557704
-2.9057703,-3.8957703,4.3442297,0.11422974,1.5242298,-0.7357703,-1.9257703,-0.7357703,-0.29577026,3.8742297,3.3742297,-2.2257702,-7.0357704,-4.48577,-4.2057705,-3.6257703,-3.0657701,-1.8957703,-1.8757702,-2.0557702,-2.4557703,-3.2257702,-3.4757702,-4.85577,-5.3857703,-5.62577,-5.3857703,-6.2057705,-5.33577,-5.3257704,-5.02577,-4.4957705,-3.9157703,-4.2157702,-3.6857703,-3.3857703,-1.9257703,-1.0757703,-3.2757702,-3.8357704,-3.9357703,-3.1957703,-2.4457703,-2.8557703,-2.5557702,-2.9157703,-4.1957703,-5.4557705,-5.8857703,-5.85577,-5.58577,-4.37577,-3.7957702,-6.58577,-7.1357703,-6.08577,-4.3457704
-1.7757703,1.1242298,0.36422974,-0.015770264,-0.28577027,-3.1657703,-1.6257702,-1.4657702,-0.45577025,1.5442297,-1.5257703,-2.4457703,-4.10577,-5.9657702,-5.5957704,-4.6557703,-2.6657703,-2.3857703,-0.90577024,-2.9357703,-3.1657703,-2.8557703,-2.6657703,-2.3357704,-4.50577,-5.4957705,-5.2457705,-5.3657703,-5.9257703,-6.04577,-6.6557703,-6.0957704,-5.56577,-4.6557703,-4.6557703,-3.8857703,-3.1557703,-2.6157703,-1.7257702,-3.0257702,-4.2057705,-3.9357703,-3.6157703,-4.16577,-3.8157701,-3.9557703,-4.9257703,-6.10577,-6.79577,-6.3457704,-6.0557704,-4.79577,-2.9557703,-3.8857703,-4.39577,-3.4957702,-0.81577027
0.24422973,-0.37577027,-0.12577027,-0.5557703,-3.1957703,-0.76577026,-0.9357703,-1.6257702,-0.52577025,-0.82577026,-1.7157702,-5.93577,-5.00577,-7.9557705,-4.6157703,-3.0157702,-1.3457702,-0.9857703,-1.1957703,-0.90577024,-0.51577026,-2.2057703,-1.7757703,-2.8857703,-4.98577,-4.54577,-6.1157703,-4.5757704,-3.5857704,-2.8157701,-2.4657702,-6.5557704,-6.7657704,-5.1557703,-4.79577,-3.6157703,-3.7357702,-3.0257702,-3.4257703,-3.0957704,-2.9157703,-2.6657703,-3.3457704,-4.1357703,-4.7657704,-5.18577,-5.5357704,-6.41577,-6.25577,-7.37577,-5.29577,-3.0457702,-2.3357704,-3.7957702,-1.3757702,-4.0557704,-4.5157704
0.31422973,0.18422973,-0.16577026,-0.13577026,0.10422973,-1.3857703,-2.5057702,-2.7457702,-2.7357702,-5.35577,-5.2157702,-8.94577,-8.715771,-7.4957705,-1.5257703,-0.09577026,-1.0057702,-1.4857702,-1.1757703,-0.8557703,-1.1757703,-1.5357703,-2.1457703,-2.3557703,-2.1557703,-4.3457704,-6.14577,-4.85577,-3.6357703,-3.9457703,-2.9657702,-1.7957703,-1.4257703,-2.7957702,-4.50577,-4.14577,-4.00577,-4.25577,-4.16577,-3.7557702,-3.8957703,-4.27577,-4.79577,-3.7757702,-4.43577,-5.00577,-5.9057703,-6.25577,-6.0357704,-5.4957705,-3.1657703,-1.7057703,-1.9857702,-2.1557703,-8.755771,-3.9957702,-5.87577
0.014229736,0.07422974,0.11422974,-0.13577026,1.3542297,-0.81577027,-2.2757702,-2.9057703,-4.16577,-2.5057702,-4.7857704,-8.755771,-9.335771,-4.52577,1.7542298,3.5842297,-0.47577026,-0.77577025,-0.51577026,-0.90577024,-0.64577025,-2.2357702,-3.7257702,-3.0657701,-3.4757702,-4.0357704,-5.0357704,-4.6557703,-4.6557703,-3.5657701,-2.6957703,-0.88577026,-1.6857703,-2.3557703,-1.6457703,-3.1857703,-3.2257702,-3.8957703,-5.02577,-5.08577,-5.08577,-5.31577,-4.7657704,-5.2257705,-5.10577,-5.4057703,-5.93577,-5.98577,-5.3257704,-2.4857702,-1.1957703,-1.0757703,-0.9257703,-1.2257702,-1.6157702,-2.7757702,-3.0957704
-0.29577026,-0.9257703,-0.63577026,0.7042297,-0.5557703,-2.9757702,-2.6957703,-0.6257703,1.2242297,1.5142298,0.73422974,-3.3957703,-8.61577,-4.23577,-1.2857703,-6.3257704,-2.5457702,-2.0757704,-1.7757703,-0.9157703,0.84422976,0.28422973,-2.3057702,-2.5957704,-3.9057703,-6.9557705,-4.8657703,-5.4257703,-5.33577,-3.8357704,-2.1657703,-2.0257702,-0.8057703,-0.35577026,-0.96577024,-2.1057703,-1.1157702,-2.4257703,-4.18577,-5.25577,-5.0557704,-4.3457704,-5.1157703,-4.6357703,-5.48577,-5.0157704,-5.0957704,-4.25577,-3.4157703,-3.6357703,0.37422973,0.19422974,-0.16577026,-0.07577027,-0.6657703,-0.75577027,-0.90577024
-0.085770264,-0.5457703,0.0042297365,0.024229737,1.8542297,-2.3757703,-0.28577027,0.17422974,-0.18577026,-4.75577,-2.5557702,-4.5157704,-7.7257705,-4.9557705,-1.3857703,-1.6757703,-2.0657701,-0.9157703,-1.7557702,2.3642297,3.9142296,1.5242298,0.92422974,-0.95577025,-2.0757704,-4.7857704,-4.6957703,-4.3457704,-5.9957705,-4.39577,-3.4557703,-4.0757704,-1.6257702,2.5742297,0.74422973,-0.22577026,-0.81577027,-1.0757703,-3.3257704,-5.1357703,-4.81577,-5.04577,-4.5757704,-4.6157703,-5.1757703,-5.8057704,-4.62577,-4.4257703,-3.4457703,-2.1957703,-0.71577024,0.5142297,-0.16577026,-0.6657703,-0.31577027,0.59422976,0.25422972
-0.56577027,-0.13577026,-0.10577026,1.5542297,1.9342297,0.72422975,0.49422973,1.6542298,2.0542297,1.6642298,1.2242297,-1.4457703,-6.3857703,-5.91577,-4.27577,-1.0757703,-1.5357703,-1.1757703,-0.6657703,0.07422974,-0.9857703,-1.6057702,1.6942297,-2.3557703,-2.3657703,-3.7157702,-4.4457703,-4.39577,-3.8957703,-1.8857703,-3.5357702,-3.1957703,-1.2057703,0.85422975,1.5142298,-0.8057703,-1.5157703,-1.0357703,-2.8757703,-3.7057703,-5.56577,-4.98577,-4.0557704,-4.25577,-4.8657703,-3.9457703,-3.6357703,-3.0057702,-4.0557704,-2.4857702,-0.6157703,0.55422974,0.78422976,-0.8057703,-0.5557703,-0.10577026,1.7442298
-0.38577026,-0.90577024,-0.055770263,-0.24577026,1.2642298,1.6342298,1.1842297,-0.34577027,-0.70577025,0.37422973,0.8242297,-1.8757702,-1.7257702,-3.1157703,4.56423,2.4642298,-1.9157703,-0.9257703,-1.3257703,-0.84577024,-0.77577025,-8.32577,-6.2657704,-0.14577027,0.98422974,2.0542297,-3.8957703,-1.7957703,-3.7657702,-3.1557703,-2.8257704,-1.4557703,-1.1957703,0.73422974,-0.27577028,0.064229734,0.8142297,-0.82577026,-3.1357703,-5.1557703,-5.9257703,-5.18577,-5.8057704,-5.85577,-4.7657704,-3.9057703,-3.9057703,-3.7357702,-3.1757703,-2.3157701,-0.27577028,0.61422974,2.1142297,1.1642298,1.0842297,2.4442298,1.4442297
-0.28577027,0.60422975,-0.015770264,-0.9857703,-2.7057703,-0.58577025,0.08422974,-0.8757703,-0.24577026,0.42422974,1.5042298,2.4942298,2.2742298,1.7542298,0.10422973,0.15422973,1.6642298,0.9442297,1.1642298,-0.19577026,0.27422974,-7.0157704,1.0942297,-0.47577026,0.094229735,-0.89577025,-0.42577025,0.37422973,-0.26577026,-2.3657703,-2.9657702,-2.2357702,0.86422974,-1.6857703,-1.7957703,-1.1157702,-2.0357702,-0.63577026,-1.0357703,-3.3957703,-4.1157703,-4.58577,-4.9657702,-5.5957704,-5.85577,-5.64577,-4.7457705,-3.9657702,-2.6857703,-2.7557702,-1.4757702,0.41422975,0.52422976,0.40422973,0.5642297,1.4442297,1.3142297
-0.45577025,-1.2957703,-1.5957702,-1.1557703,-2.4457703,-3.0157702,-0.8757703,-2.9457703,-0.26577026,1.7142297,2.7742298,1.4542297,-0.26577026,-2.1757703,-2.6457703,-1.5057702,-1.8857703,-0.88577026,-0.10577026,-1.2957703,-0.6657703,-1.1557703,-1.8557702,-0.95577025,-0.49577028,0.29422975,0.19422974,0.96422976,-0.15577026,-0.06577026,0.72422975,4.0542297,4.35423,0.28422973,-3.2457702,-2.4357703,-1.3457702,0.23422974,0.48422974,-1.5557703,-3.8257704,-3.4857702,-3.5657701,-4.89577,-5.4657702,-5.8857703,-5.0757704,-5.0157704,-3.8957703,-3.1057703,-2.3357704,-0.17577027,-0.7457703,-0.69577026,-0.025770264,1.7542298,1.4442297
-0.015770264,-0.17577027,-0.43577027,-0.39577025,-2.0257702,-1.6457703,0.71422976,2.3342297,2.1542296,-0.0057702637,3.2142298,0.7642297,-0.7457703,1.2842298,0.79422975,-4.9557705,-1.9357703,-1.0857702,-0.78577024,-1.7057703,-2.8157701,-3.6857703,-2.2757702,-3.3357704,-1.3357702,-1.0957702,-1.4357703,0.0042297365,0.73422974,0.8742297,0.98422974,0.094229735,-0.84577024,2.4442298,-0.8557703,-1.4557703,0.54422975,-0.20577027,-1.6557703,-1.9757702,-4.3057704,-3.3357704,-2.8757703,-2.7157702,-4.10577,-4.8257704,-4.58577,-5.0157704,-4.0157704,-2.9457703,-0.97577024,-1.8857703,-1.9957702,-1.8357702,-0.26577026,1.4242297,0.7042297
-0.5457703,-1.1057702,-1.0857702,-0.90577024,-1.5557703,-3.6757703,-2.6057703,2.5342298,1.7442298,3.2442298,2.5242298,1.5842297,2.9942298,5.7142296,5.8642297,2.2042298,-3.2257702,-1.9557703,0.68422973,2.0942297,2.7342298,2.9242296,0.52422976,1.9442297,-0.45577025,-0.97577024,-1.3157703,-0.69577026,-1.1057702,-0.96577024,-0.75577027,-0.20577027,0.14422974,0.85422975,-3.5557702,-1.5557703,-1.7457702,-1.3357702,0.8742297,-4.02577,-5.4757705,-0.6157703,-2.7057703,-3.3857703,-4.7857704,-3.1857703,-3.7357702,-4.1557703,-4.85577,-3.2957702,-1.5557703,-1.5957702,-2.3257704,-1.9057703,-1.7857703,-0.16577026,-0.6857703
-0.31577027,-0.025770264,0.37422973,1.4042298,2.8842297,-0.09577026,0.23422974,2.3542297,2.4342299,1.7342297,1.6742297,2.5542297,-0.7457703,6.87423,7.60423,0.72422975,-1.9557703,1.8742298,2.8442297,2.1642296,3.2042298,3.5142298,3.2442298,-0.81577027,-1.7357702,-1.0657703,-1.1057702,-1.1557703,-0.48577026,-0.75577027,-1.6957703,-0.10577026,-0.45577025,-0.38577026,2.2642298,-2.4457703,-3.7457702,-3.6357703,-1.3757702,-1.9657702,-2.3457704,-3.0457702,-4.08577,-0.84577024,-2.5957704,-5.1957703,-4.2457705,-4.48577,-4.6157703,-4.4657702,-2.7857702,-0.84577024,-2.1257703,-0.7457703,-1.0657703,-1.1057702,-2.4957702
0.35422975,0.77422976,-1.1857703,0.29422975,1.0842297,1.8342297,1.9642297,2.0442297,2.0542297,1.8942298,3.2142298,0.61422974,0.30422974,5.87423,5.31423,5.20423,3.0742297,2.4342299,2.5342298,2.9942298,3.6942298,0.7542297,2.1342297,-1.3157703,-0.20577027,-0.38577026,-1.0257703,-1.2357702,-1.6157702,-1.5757703,-3.3057702,-1.9357703,-0.6157703,-0.22577026,3.4542298,1.5042298,-2.0957704,-2.8057702,0.08422974,-1.2657703,-0.9257703,-1.0057702,-1.8057703,-2.8857703,-5.56577,-1.5857702,-3.9957702,-2.1357703,-3.6757703,-4.87577,-2.3457704,-1.0657703,-0.045770265,2.5842297,-0.6757703,-2.8857703,-3.7157702
-3.1957703,-1.4457703,-0.76577026,-0.7957703,0.0042297365,1.4142298,0.29422975,-0.72577024,1.2842298,2.4442298,0.17422974,0.80422974,-1.5057702,1.7342297,2.7442298,2.5242298,2.2742298,1.3742298,1.2042297,2.4442298,2.7142298,2.9442298,3.5242298,3.0542297,-1.1757703,-2.3257704,-2.0257702,-2.0557702,-1.4157703,-1.8257703,-5.0357704,0.7642297,-2.3057702,-0.47577026,0.7542297,0.67422974,-2.4857702,-1.4357703,-1.5157703,0.78422976,-0.9957703,-3.0257702,-3.2157702,-5.7457705,-3.6557703,-4.5157704,-3.5157702,-0.49577028,-4.16577,-2.8357704,1.8942298,3.0442297,2.0942297,5.45423,0.8742297,-3.0357702,-3.7657702
1.3742298,1.1542298,0.8842297,2.0542297,3.2142298,2.5242298,-1.2357702,1.6942297,2.4842298,2.9342299,-0.8657703,-1.3357702,-1.2157702,1.6842297,1.8742298,1.4642297,-0.28577027,0.5642297,0.064229734,0.24422973,2.4742298,3.2242298,3.5242298,3.1942298,2.3742297,3.5342298,2.6042297,1.8142297,0.80422974,-0.34577027,-0.045770265,2.6942298,-1.4357703,-0.085770264,-0.42577025,-0.43577027,1.6442298,1.1342298,-0.53577024,-0.15577026,-0.65577024,-2.3757703,-0.6257703,-0.89577025,-4.16577,-5.8057704,-1.7157702,-5.16577,-6.56577,-8.2057705,-6.9257703,-5.2657704,-1.4557703,-2.4257703,-1.0457703,-4.0557704,-2.4857702
1.8542297,0.84422976,1.2742298,1.7242297,1.8242297,0.78422976,0.34422973,1.2142297,1.3242297,0.5642297,-0.9257703,-2.0757704,-2.5357702,-1.3157703,0.38422975,0.8842297,-2.1457703,-3.0757704,-1.6257702,0.19422974,2.1642296,3.6342297,4.14423,4.83423,4.47423,2.2742298,1.0542297,2.3042297,1.8642297,3.2342298,1.7442298,1.3442297,0.5842297,-1.3157703,0.024229737,2.3642297,0.49422973,1.9942298,1.8842298,-0.10577026,-0.59577024,-1.6457703,-2.6057703,-0.64577025,-0.16577026,-1.0457703,-1.0857702,-1.7157702,-3.6257703,-3.4757702,-10.55577,-9.965771,-9.80577,-8.165771,-3.7957702,-2.5657701,-2.1757703
2.6542296,1.7542298,1.4542297,1.5042298,0.85422975,0.0042297365,1.0842297,1.7042297,1.5242298,0.5842297,0.7642297,1.7042297,0.79422975,-0.95577025,-0.06577026,1.1042297,-2.3957703,-1.9257703,-2.6457703,-0.27577028,1.5042298,2.1842299,3.5742297,4.3842297,4.68423,1.5042298,2.1042297,1.6542298,2.1842299,2.4042296,4.0942297,2.3542297,2.2942297,2.9342299,1.4742297,2.3842297,3.2642298,3.7742298,2.6942298,-0.69577026,-0.6857703,-2.6657703,-3.9357703,-3.2957702,-0.7457703,-2.3657703,-1.8857703,0.044229735,0.31422973,-2.6857703,-9.77577,-10.09577,-9.73577,-8.76577,-4.7157702,0.36422974,0.28422973
0.32422975,0.78422976,1.4042298,1.0942297,0.20422974,0.9542297,1.1242298,1.2642298,1.6042297,0.9442297,0.78422976,0.90422976,1.7242297,1.4842297,-0.44577026,-0.32577026,-0.10577026,0.52422976,-0.015770264,-0.06577026,0.30422974,0.12422974,-0.13577026,2.5242298,3.5842297,2.3442297,-0.42577025,0.8142297,1.5142298,1.5642297,4.22423,3.7742298,2.4342299,1.8842298,2.4942298,2.8042297,4.37423,5.5042295,3.2142298,1.8942298,7.56423,4.70423,3.8242297,2.2442298,2.1842299,0.07422974,0.60422975,0.38422975,1.1542298,0.67422974,-4.4057703,-6.2157702,-6.68577,-8.375771,-3.9157703,2.0242298,1.8442297
