public/storage/wind-global.json
{"header": {"discipline":0,"disciplineName":"Meteorological products","gribEdition":2,"gribLength":78510,"center":7,"centerName":"US National Weather Service - NCEP(WMC)","subcenter":0,"refTime":"2020-03-28T18:00:00.000Z","significanceOfRT":1,"significanceOfRTName":"Start of forecast","productStatus":0,"productStatusName":"Operational products","productType":1,"productTypeName":"Forecast products","productDefinitionTemplate":0,"productDefinitionTemplateName":"Analysis/forecast at horizontal level/layer at a point in time","parameterCategory":2,"parameterCategoryName":"Momentum","parameterNumber":2,"parameterNumberName":"U-component_of_wind","parameterUnit":"m.s-1","genProcessType":2,"genProcessTypeName":"Forecast","forecastTime":0,"surface1Type":103,"surface1TypeName":"Specified height level above ground","surface1Value":10.0,"surface2Type":255,"surface2TypeName":"Missing","surface2Value":0.0,"gridDefinitionTemplate":0,"gridDefinitionTemplateName":"Latitude_Longitude","numberPoints":65160,"shape":6,"shapeName":"Earth spherical with radius of 6,371,229.0 m","gridUnits":"degrees","resolution":48,"winds":"true","scanMode":0,"nx":360,"ny":181,"basicAngle":0,"lo1":0.0,"la1":90.0,"lo2":359.0,"la2":-90.0,"dx":1.0,"dy":1.0}, "data":
[rows 130 to 155 of 181, columns 59 to 117 of 360]
-1.709878,3.850122,3.6401222,2.480122,2.070122,2.6401222,3.000122,2.840122,3.330122,3.4301221,4.180122,3.1801221,2.790122,3.6601222,4.220122,3.6601222,3.230122,3.260122,3.1701221,3.8901222,2.950122,3.3801222,3.860122,3.110122,3.060122,2.810122,2.9201221,3.3801222,3.370122,5.830122,5.240122,7.960122,9.240122,8.820122,9.000122,9.280122,9.910122,10.360122,10.470122,10.470122,9.830122,10.140122,10.740122,11.5601225,12.600122,12.540122,12.600122,13.160122,13.400122,13.690122,13.940122,13.990122,14.240122,14.410122,14.430122,14.740122,14.970122,15.350122,15.260122
-1.9198779,-1.209878,4.880122,4.730122,3.6801221,3.860122,3.8901222,4.220122,5.370122,5.3001223,5.730122,4.920122,4.150122,4.590122,4.710122,4.220122,4.8001223,4.590122,4.130122,4.480122,4.500122,3.970122,4.7801223,4.680122,4.270122,4.690122,4.650122,4.860122,5.450122,5.210122,5.540122,5.470122,6.990122,8.260122,9.000122,9.710122,9.920122,10.640122,10.740122,11.730122,12.320122,12.180122,12.370122,13.3101225,13.890122,14.250122,14.440122,14.550122,14.530122,14.640122,14.510122,14.660122,15.160122,15.450122,15.720122,16.380121,16.450123,16.410122,16.470121
1.6901221,1.6201221,1.4501221,0.07012207,6.100122,5.590122,5.660122,5.520122,5.5701222,6.8001223,6.240122,6.140122,6.460122,5.470122,5.3001223,5.8001223,5.990122,6.0301223,4.740122,5.250122,5.180122,4.740122,5.000122,5.8201222,5.980122,6.020122,6.340122,6.360122,5.920122,5.370122,5.500122,5.7801223,6.440122,7.490122,9.160122,10.010122,10.360122,9.540122,10.410122,11.070122,11.700122,10.990122,12.640122,12.770123,13.380122,14.210122,14.490122,14.230122,14.890122,15.120122,15.320122,15.590122,15.850122,16.900122,17.100122,17.620123,18.060122,17.880121,17.630121
3.620122,3.200122,2.6601222,2.200122,2.050122,7.830122,6.7601223,6.250122,5.860122,6.5501223,6.890122,7.020122,7.0301223,6.580122,6.100122,6.650122,6.610122,6.830122,6.630122,6.100122,6.410122,6.130122,6.620122,6.7601223,6.540122,6.980122,7.080122,6.490122,6.380122,6.180122,6.450122,6.690122,7.120122,8.450122,9.080122,9.710122,9.640122,10.100122,9.960122,10.870122,11.020123,11.760122,12.100122,11.420122,10.870122,12.040122,12.0601225,11.570122,11.430122,11.580122,12.050122,13.320122,14.490122,16.270123,17.680122,17.900122,19.040123,19.810122,19.010122
6.0301223,5.000122,4.700122,2.970122,3.050122,0.04012207,5.700122,6.630122,6.690122,7.140122,7.7601223,7.710122,7.710122,7.860122,7.200122,7.520122,8.0601225,7.470122,8.040122,7.890122,7.740122,7.5501223,7.670122,7.450122,7.0501223,8.620122,8.380122,7.5701222,7.920122,7.130122,7.5301223,7.950122,7.7801223,8.270123,8.780122,9.010122,10.110122,10.680122,10.030122,10.180122,10.260122,11.070122,11.490122,11.630122,11.320122,10.500122,10.160122,10.150122,10.650122,11.230122,12.120122,13.290122,14.430122,15.070122,16.490122,17.240122,17.120123,19.110123,19.750122
7.5701222,7.650122,7.440122,6.3001223,5.630122,4.210122,3.730122,2.000122,4.240122,8.270123,8.790122,9.030122,8.750122,8.530122,8.660122,7.970122,8.270123,9.190122,9.410122,9.200122,8.970122,9.0601225,8.950122,8.900122,8.920122,8.610122,10.160122,10.090122,9.580122,9.770123,9.370122,9.390122,9.720122,9.350122,9.360122,9.650122,9.020123,9.890122,10.090122,9.490122,10.700122,11.280122,10.710122,10.050122,9.900122,10.000122,10.480122,10.460122,11.300122,12.050122,13.390122,14.330122,15.020123,15.900122,16.660122,17.250122,17.230122,17.690123,18.490122
8.460122,7.670122,8.690122,8.380122,7.580122,6.100122,7.080122,6.3001223,5.2601223,4.540122,4.680122,9.600122,9.580122,9.500122,9.390122,10.040122,9.690122,9.640122,10.190122,10.170122,10.020123,9.850122,10.380122,10.500122,11.390122,10.870122,10.910122,11.730122,11.430122,10.740122,10.600122,10.870122,10.100122,9.880122,9.760122,10.320122,10.300122,9.890122,9.780122,10.690122,10.680122,9.960122,9.990122,10.140122,10.460122,10.710122,11.230122,11.670122,12.680122,13.830122,14.330122,14.470122,15.510122,16.410122,16.980122,16.830122,17.020123,17.310122,17.680122
9.210122,9.190122,8.740122,8.750122,7.990122,7.790122,8.040122,8.220122,8.270123,8.010122,7.830122,7.790122,7.690122,9.180122,10.660122,11.450122,11.580122,10.960122,11.120122,10.280122,11.150122,11.700122,11.570122,11.630122,12.420122,12.900122,12.460122,13.000122,12.520123,12.680122,12.800122,12.000122,11.270123,11.050122,11.170122,10.920122,10.660122,10.380122,10.940122,10.500122,10.240122,10.620122,9.640122,10.770123,12.140122,11.750122,12.220122,12.460122,13.840122,14.570122,15.070122,15.380122,16.000122,16.150122,16.570122,16.540123,16.410122,16.890121,17.250122
10.030122,10.400122,9.830122,8.840122,9.290122,9.190122,9.290122,10.5601225,10.330122,10.230122,10.420122,10.590122,9.870122,10.040122,10.660122,11.720122,13.470122,12.800122,12.710122,11.970122,12.980122,12.610122,13.180122,13.210122,13.270123,13.160122,13.400122,13.900122,13.330122,13.410122,13.860122,13.830122,13.790122,13.630122,12.120122,11.760122,11.770123,10.790122,10.920122,10.300122,10.370122,10.690122,10.840122,11.950122,12.370122,13.100122,13.070122,14.030122,14.420122,15.0601225,15.110122,15.840122,15.930122,15.350122,15.830122,15.780122,16.290123,16.780123,17.050121
10.100122,10.630122,11.070122,11.120122,10.880122,11.420122,11.490122,11.390122,11.270123,10.940122,17.670122,11.660122,11.5601225,12.050122,12.080122,12.5601225,12.690122,13.830122,14.290122,14.090122,13.710122,13.720122,13.420122,13.690122,14.800122,15.000122,15.250122,14.490122,14.780122,14.300122,14.850122,14.210122,14.500122,13.250122,13.030122,12.540122,11.820122,10.980122,10.770123,10.590122,10.840122,11.300122,12.010122,12.400122,13.080122,13.270123,14.160122,14.220122,14.830122,14.570122,14.890122,14.430122,14.940122,15.280122,15.850122,16.800121,16.290123,16.460121,16.480122
10.050122,10.3101225,11.420122,12.140122,13.010122,12.370122,12.720122,13.380122,13.740122,13.180122,14.120122,14.730122,13.480122,13.210122,13.080122,13.3101225,13.190122,13.510122,14.440122,14.940122,15.350122,15.890122,15.120122,15.010122,13.990122,15.830122,17.110123,17.470121,16.670122,15.680122,15.680122,15.580122,14.750122,13.770123,13.700122,13.100122,11.190122,11.550122,10.330122,10.430122,11.150122,11.940122,12.550122,12.980122,13.330122,14.080122,14.070122,14.330122,14.320122,14.230122,14.690122,14.630122,15.070122,15.120122,15.660122,15.8101225,15.780122,16.310122,16.580122
10.940122,11.210122,11.730122,12.170122,12.890122,14.0601225,14.140122,14.090122,14.630122,15.470122,16.170122,15.800122,15.480122,15.800122,15.380122,15.620122,15.490122,15.880122,16.030123,16.320122,16.490122,16.440123,16.940123,16.700123,16.790123,15.480122,15.330122,17.410122,18.550121,18.490122,16.910122,15.690122,14.850122,14.010122,14.020123,13.220122,11.430122,10.620122,10.360122,10.950122,11.290122,12.440122,12.5601225,13.250122,13.870122,13.820122,14.140122,14.080122,14.340122,14.710122,14.760122,15.350122,15.760122,16.210121,16.170122,16.540123,17.690123,17.760122,17.710121
12.290122,12.860122,13.040122,13.290122,14.390122,14.480122,14.150122,14.930122,15.640122,16.260122,16.970121,17.470121,17.710121,17.280123,17.150122,17.480122,17.320122,17.250122,17.620123,17.110123,16.720121,16.720121,16.570122,17.440123,18.060122,17.780123,16.960121,15.770123,15.990122,17.360123,18.060122,16.780123,15.120122,14.090122,14.040122,12.740122,10.690122,9.510122,10.710122,11.210122,11.350122,12.680122,13.000122,13.330122,14.040122,14.120122,14.3101225,14.190122,14.390122,14.910122,15.490122,15.790122,16.600122,16.710121,17.040123,17.860123,18.510122,19.010122,19.100122
13.040122,13.620122,14.570122,14.870122,15.220122,15.410122,16.060122,16.380121,17.070122,17.580122,18.600122,18.780123,19.140121,19.360123,18.380121,18.520123,18.620123,18.680122,18.410122,18.050121,18.250122,17.690123,17.140121,16.910122,17.660122,18.740122,18.530123,17.730122,16.740122,15.360122,15.830122,16.660122,15.240122,14.070122,13.700122,11.550122,9.090122,8.930122,10.840122,11.930122,12.290122,12.540122,12.960122,13.260122,14.250122,14.070122,14.480122,14.390122,14.780122,15.140122,15.850122,16.440123,16.080122,17.410122,17.610123,18.040123,18.490122,18.850122,18.470121
12.770123,13.630122,14.480122,15.330122,16.080122,16.680122,17.600122,18.270123,18.730122,19.150122,18.940123,18.670122,18.870123,18.930122,18.960121,18.980122,19.600122,19.710121,19.700123,19.600122,18.930122,18.040123,17.520123,17.720121,17.390121,17.580122,18.260122,17.980122,16.550121,16.040123,15.120122,15.130122,15.600122,15.720122,13.780122,9.880122,7.880122,9.390122,11.230122,11.620122,12.550122,12.700122,12.240122,13.0601225,13.140122,13.920122,14.370122,14.990122,15.510122,15.740122,16.590122,15.770123,17.130121,18.070122,18.310122,17.960121,17.750122,18.180122,17.670122
11.990122,12.630122,13.580122,14.650122,15.570122,16.440123,17.280123,17.830122,17.900122,18.070122,18.110123,17.910122,17.390121,17.010122,17.630121,18.490122,19.100122,19.550121,20.270123,19.900122,18.400122,17.540123,17.030123,17.510122,17.640121,18.110123,18.180122,18.620123,17.350122,15.8101225,15.920122,15.0601225,15.0601225,13.160122,8.3101225,7.040122,7.220122,9.8101225,11.360122,12.300122,12.230122,12.5601225,12.5601225,13.370122,13.210122,14.010122,14.160122,15.400122,15.830122,16.380121,16.410122,16.450123,17.890121,18.010122,17.550121,17.510122,17.720121,17.630121,17.620123
11.650122,12.510122,13.540122,14.280122,15.150122,16.290123,17.270123,17.310122,17.760122,17.500122,17.140121,15.420122,15.520123,15.720122,17.040123,17.770123,17.790123,17.760122,17.600122,17.150122,16.240122,16.420122,16.290123,16.700123,17.740122,19.150122,19.610123,18.460121,16.520123,15.930122,14.930122,14.170122,11.240122,3.8801222,3.780122,6.2601223,8.5601225,11.010122,11.890122,11.8101225,12.220122,12.170122,12.830122,14.270123,14.080122,14.420122,14.700122,15.3101225,16.420122,16.260122,16.530123,16.970121,17.090122,16.980122,17.020123,17.180122,17.880121,17.570122,15.890122
12.290122,12.800122,13.690122,14.730122,15.590122,16.670122,17.310122,17.800121,17.170122,16.660122,15.250122,13.860122,14.670122,14.430122,14.880122,14.870122,14.930122,15.050122,14.530122,14.660122,13.970122,14.210122,14.450122,16.310122,17.650122,19.150122,17.240122,14.780122,12.850122,12.320122,4.410122,-2.519878,-1.3798779,3.050122,6.360122,7.980122,10.550122,11.010122,11.790122,12.230122,12.490122,12.650122,13.530122,14.280122,15.050122,14.520123,14.400122,15.140122,16.210121,16.710121,16.450123,17.270123,16.980122,17.210121,17.450123,18.170122,18.440123,17.350122,11.970122
11.820122,13.080122,14.170122,15.290122,16.040123,17.100122,17.890121,17.560122,16.960121,15.760122,11.640122,12.230122,12.260122,12.510122,12.420122,12.280122,12.290122,12.230122,11.940122,12.240122,12.580122,12.610122,12.530122,12.750122,11.190122,10.380122,8.160122,0.06012207,-7.139878,-7.389878,-3.3598778,0.6101221,3.4401221,7.180122,8.170122,9.240122,10.800122,10.970122,12.120122,12.690122,12.010122,12.710122,13.670122,11.750122,15.050122,12.740122,12.900122,15.040122,15.530122,16.390121,16.440123,15.570122,16.210121,17.270123,17.840122,17.760122,15.710122,10.010122,8.700122
10.610122,11.950122,13.960122,15.890122,18.120123,19.330122,17.160122,15.820122,12.650122,10.260122,9.740122,9.830122,9.530122,9.130122,9.490122,10.140122,9.890122,9.910122,9.910122,10.050122,10.070122,9.180122,10.530122,5.7601223,-8.379878,-10.579878,-9.159878,-6.789878,-4.039878,-0.84987795,3.1301222,4.210122,7.880122,7.980122,9.740122,10.740122,10.720122,11.430122,12.010122,11.750122,12.140122,12.450122,12.8101225,13.230122,7.130122,9.290122,11.840122,13.110122,14.950122,12.910122,12.210122,13.280122,14.440122,15.690122,16.190123,13.750122,9.800122,6.650122,6.210122
8.210122,8.880122,10.040122,13.380122,8.960122,5.930122,5.060122,5.0501223,4.980122,6.160122,7.080122,7.270122,6.410122,6.5301223,5.640122,4.390122,4.0301223,4.160122,0.01012207,-4.229878,-9.999878,-9.289878,-8.519878,-6.619878,-4.4298778,-3.009878,-1.6498779,1.800122,4.5701222,6.3001223,7.870122,8.8101225,8.870122,9.490122,11.000122,11.450122,11.300122,12.320122,11.5601225,12.070122,11.490122,11.490122,11.160122,11.390122,6.500122,5.020122,10.410122,12.740122,9.120122,8.840122,9.340122,9.790122,11.420122,13.270123,12.840122,8.240122,6.990122,2.1901221,2.790122
4.770122,3.310122,2.340122,-0.79987794,-5.799878,-9.879878,-11.389878,-11.389878,-11.259878,-11.429878,-11.669878,-11.599878,-11.159878,-11.079878,-9.6898775,-8.789878,-8.289878,-7.669878,-7.339878,-6.9898777,-5.7398777,-4.059878,-1.7898779,0.44012207,2.550122,4.230122,5.430122,6.330122,7.7801223,8.670122,9.340122,9.830122,10.240122,11.020123,11.350122,11.770123,11.8101225,11.500122,11.230122,10.690122,10.370122,9.010122,5.470122,3.120122,6.000122,7.750122,10.050122,4.770122,4.460122,4.590122,4.560122,5.0301223,7.080122,4.720122,-2.979878,-2.519878,-4.859878,-6.599878,-5.979878
1.7101221,-1.9098779,-3.3698778,-4.139878,-6.389878,-8.039878,-10.229877,-11.169878,-10.829878,-10.579878,-10.059878,-9.629878,-8.749878,-7.729878,-6.2398777,-5.049878,-3.799878,-2.5898778,-1.6598779,-0.9498779,-0.29987794,0.69012207,1.7401221,2.750122,3.8901222,4.7801223,5.540122,6.450122,7.130122,7.8201222,8.3101225,8.790122,9.220122,9.790122,9.630122,9.490122,9.530122,9.160122,8.330122,7.710122,8.640122,0.13012207,-0.33987793,2.310122,5.3201222,9.360122,-1.859878,-0.41987792,0.22012207,0.32012206,-0.8298779,-0.80987793,-1.9198779,-5.899878,-8.199878,-9.959878,-9.859878,-7.399878,-6.869878
-4.639878,-4.269878,-4.769878,-5.669878,-6.259878,-6.439878,-7.159878,-7.359878,-7.459878,-7.139878,-7.039878,-6.019878,-4.9698777,-4.019878,-3.199878,-2.519878,-1.6298779,-0.7698779,0.17012207,0.5401221,0.77012205,1.520122,2.750122,3.510122,4.140122,4.770122,5.200122,6.180122,7.0701222,7.630122,8.130122,8.100122,8.280122,7.8201222,6.350122,2.750122,1.0001221,0.88012207,5.240122,-5.9898777,-5.599878,-3.3698778,-1.4998779,2.100122,1.430122,-3.659878,-4.539878,-4.459878,-4.539878,-4.009878,-4.879878,-6.1798778,-7.359878,-9.409878,-11.919878,-13.329878,-15.029878,-15.909878,-16.439878
-6.189878,-5.729878,-6.749878,-7.939878,-7.9498777,-7.639878,-7.019878,-7.379878,-6.959878,-6.399878,-5.809878,-4.9298778,-3.969878,-3.429878,-2.5798779,-1.729878,-0.61987793,0.17012207,0.64012206,0.52012205,1.180122,1.670122,2.310122,3.460122,3.960122,5.100122,5.660122,5.3001223,5.900122,4.700122,4.350122,4.0101223,1.3601221,1.8701221,1.1301221,1.560122,1.6001221,-2.659878,-6.2198777,-6.269878,-3.759878,-1.459878,0.14012207,0.6201221,-2.179878,-2.519878,-3.929878,-6.299878,-7.159878,-7.379878,-6.999878,-7.809878,-8.569878,-9.799878,-11.169878,-12.619878,-13.899878,-14.6898775,-15.229877
-5.029878,-4.639878,-5.049878,-5.279878,-6.709878,-8.639878,-8.739878,-8.259878,-7.599878,-7.049878,-5.879878,-4.369878,-3.399878,-1.9098779,-1.2698779,-0.49987793,0.37012208,1.1101221,1.390122,1.0901221,1.9701221,1.7401221,1.8501221,2.370122,2.480122,3.3901222,3.9101222,3.4301221,2.480122,1.550122,0.9801221,1.280122,0.8701221,0.8601221,-0.8398779,-0.6898779,-3.489878,-5.4698777,-4.059878,-1.7598779,-0.53987795,0.31012207,-0.17987794,-1.599878,-3.409878,-3.269878,-3.909878,-3.5598779,-3.389878,-4.159878,-4.049878,-4.639878,-8.479877,-9.979877,-8.949878,-8.459878,-9.119878,-10.019878,-11.849878
