public/storage/wind-global.json
{"header": {"discipline":0,"disciplineName":"Meteorological products","gribEdition":2,"gribLength":78510,"center":7,"centerName":"US National Weather Service - NCEP(WMC)","subcenter":0,"refTime":"2020-03-28T18:00:00.000Z","significanceOfRT":1,"significanceOfRTName":"Start of forecast","productStatus":0,"productStatusName":"Operational products","productType":1,"productTypeName":"Forecast products","productDefinitionTemplate":0,"productDefinitionTemplateName":"Analysis/forecast at horizontal level/layer at a point in time","parameterCategory":2,"parameterCategoryName":"Momentum","parameterNumber":2,"parameterNumberName":"U-component_of_wind","parameterUnit":"m.s-1","genProcessType":2,"genProcessTypeName":"Forecast","forecastTime":0,"surface1Type":103,"surface1TypeName":"Specified height level above ground","surface1Value":10.0,"surface2Type":255,"surface2TypeName":"Missing","surface2Value":0.0,"gridDefinitionTemplate":0,"gridDefinitionTemplateName":"Latitude_Longitude","numberPoints":65160,"shape":6,"shapeName":"Earth spherical with radius of 6,371,229.0 m","gridUnits":"degrees","resolution":48,"winds":"true","scanMode":0,"nx":360,"ny":181,"basicAngle":0,"lo1":0.0,"la1":90.0,"lo2":359.0,"la2":-90.0,"dx":1.0,"dy":1.0}, "data":
[rows 130 to 155 of 181, columns 177 to 235 of 360]
6.000122,-0.79987794,-2.6198778,-3.189878,-6.459878,-6.119878,-6.4498777,-5.439878,-5.749878,-6.839878,-5.539878,-4.959878,-6.619878,-6.279878,-5.319878,-4.759878,-4.809878,-2.969878,-3.199878,-1.5198779,-1.3098779,-1.199878,-2.419878,-3.689878,-4.799878,-2.179878,-0.44987792,0.15012208,0.10012207,-1.439878,-1.609878,-1.979878,-2.229878,-2.469878,-2.0698779,-2.759878,-3.899878,-5.059878,-5.419878,-5.829878,-6.269878,-8.309878,-7.389878,-7.7198777,-8.099878,-8.749878,-8.269878,-8.269878,-7.849878,-7.819878,-6.9298778,-6.759878,-5.649878,-4.589878,-4.4698777,-2.669878,-0.72987795,-0.6998779,0.6201221
-0.8998779,-3.879878,-3.3498778,-2.239878,-6.889878,-7.799878,-7.359878,-7.649878,-9.209878,-7.849878,-5.9898777,-5.579878,-6.099878,-5.689878,-3.669878,-4.209878,-3.889878,-1.6498779,-0.15987793,0.21012206,-0.06987793,0.22012207,-0.24987793,-1.079878,-1.6398779,-1.859878,1.420122,0.35012206,0.63012207,0.64012206,-0.29987794,-0.8398779,-0.08987793,-0.71987796,-1.1598779,-1.1698779,-3.049878,-3.789878,-3.479878,-4.909878,-4.689878,-4.979878,-6.409878,-6.319878,-6.319878,-6.7398777,-6.599878,-6.329878,-5.599878,-5.029878,-4.539878,-4.059878,-3.3198779,-2.209878,-1.1698779,-0.03987793,0.49012208,2.070122,3.300122
-7.779878,-6.789878,-4.289878,-10.449878,-9.379878,-8.1898775,-7.7198777,-8.639878,-8.049878,-6.919878,-6.259878,-6.6798778,-5.339878,-5.039878,-5.479878,-4.159878,-4.129878,-0.8998779,-0.27987793,-0.37987792,-0.5898779,0.18012208,1.5001221,0.77012205,0.8001221,1.060122,0.6101221,2.270122,3.320122,2.3901222,2.090122,1.060122,0.78012204,0.7901221,0.37012208,0.21012206,-1.079878,-2.389878,-2.219878,-2.629878,-3.629878,-2.999878,-2.939878,-3.8298779,-4.259878,-3.909878,-3.519878,-3.449878,-3.3598778,-2.6198778,-1.439878,-1.219878,-0.6998779,1.4501221,1.930122,3.700122,4.2801223,4.940122,5.8001223
-10.269878,-13.129878,-10.859878,-9.919878,-9.069878,-8.059878,-7.099878,-5.9898777,-5.509878,-5.9898777,-7.549878,-6.279878,-5.459878,-5.669878,-4.6798778,-4.139878,-2.999878,-2.3698778,-2.389878,-2.019878,-1.9098779,-1.829878,-0.29987794,2.280122,2.6801221,3.090122,3.250122,3.250122,3.6401222,4.890122,3.1601222,3.020122,1.770122,1.390122,1.040122,0.8701221,0.76012206,-0.07987793,-0.22987793,0.27012208,-0.78987795,-1.219878,-1.339878,-1.109878,-1.3798779,-2.049878,0.01012207,0.46012208,1.1201221,0.5401221,0.7501221,2.550122,3.220122,4.0101223,4.5301223,4.190122,5.330122,5.700122,6.190122
-8.559878,-8.169878,-7.089878,-7.689878,-6.439878,-5.529878,-5.039878,-4.789878,-4.9498777,-6.799878,-6.339878,-6.9298778,-5.839878,-5.379878,-5.779878,-4.089878,-4.169878,-2.899878,-3.0798779,-2.979878,-2.709878,-1.969878,-0.27987793,0.9801221,3.6301222,5.2801223,4.990122,4.900122,5.120122,4.710122,4.5501223,4.350122,4.770122,2.790122,1.9901221,1.8401221,1.280122,1.790122,1.2001221,0.7401221,0.70012206,1.280122,-0.19987793,1.7001221,1.040122,2.730122,2.820122,2.980122,3.300122,4.610122,3.970122,3.9301221,4.000122,4.490122,4.610122,5.240122,5.560122,5.590122,5.370122
-8.289878,-7.729878,-7.099878,-5.649878,-4.759878,-5.279878,-3.8298779,-5.789878,-5.569878,-4.609878,-5.649878,-5.939878,-4.9498777,-3.5898778,-4.839878,-3.689878,-3.8598778,-4.079878,-3.399878,-3.939878,-3.139878,-2.5598779,-1.199878,0.23012207,0.6701221,2.960122,5.170122,5.750122,6.340122,6.410122,5.590122,4.680122,4.640122,4.110122,2.9101222,4.060122,1.920122,1.310122,1.9801221,3.010122,2.350122,2.610122,1.4501221,1.5701221,2.790122,4.090122,4.0701222,4.380122,5.3001223,5.240122,5.610122,5.200122,5.060122,5.140122,4.2601223,3.6501222,4.240122,4.690122,4.990122
-8.6898775,-7.879878,-7.799878,-6.649878,-5.9298778,-7.159878,-6.7398777,-5.629878,-5.339878,-5.829878,-5.379878,-4.139878,-2.0698779,-1.069878,-2.259878,-2.879878,-3.409878,-3.3098779,-3.769878,-4.049878,-4.249878,-3.669878,-3.749878,-2.5598779,-2.8498778,-1.209878,2.030122,5.210122,6.410122,6.910122,5.710122,5.880122,5.750122,5.160122,3.750122,3.1701221,2.260122,3.1401222,2.840122,3.200122,3.990122,3.960122,3.840122,3.470122,4.130122,5.110122,5.470122,5.360122,6.140122,6.730122,5.360122,6.190122,4.640122,2.750122,2.520122,3.750122,4.900122,4.660122,4.790122
-7.309878,-7.609878,-7.6998777,-7.999878,-8.219878,-6.4498777,-6.359878,-5.669878,-5.769878,-4.669878,-3.959878,-2.789878,-4.249878,-4.909878,-4.059878,-2.759878,-2.719878,-3.049878,-3.689878,-3.719878,-3.8398778,-3.8198779,-4.2198777,-2.919878,-2.659878,-1.189878,0.03012207,1.3501221,4.950122,6.610122,5.750122,5.3201222,5.400122,4.930122,4.020122,2.6301222,3.230122,3.980122,4.880122,3.710122,4.080122,4.580122,4.360122,4.680122,5.470122,5.830122,6.040122,6.2801223,6.710122,6.0501223,6.680122,5.020122,2.1601222,2.120122,3.700122,3.780122,3.960122,5.950122,3.4001222
-4.519878,-5.319878,-6.109878,-6.519878,-5.859878,-6.2198777,-6.769878,-7.189878,-6.979878,-7.079878,-6.109878,-5.529878,-5.139878,-4.799878,-4.629878,-4.229878,-3.729878,-3.3698778,-2.719878,-3.679878,-3.279878,-2.8298779,-2.659878,-3.3298779,-3.419878,-2.419878,-1.449878,-0.029877929,-0.41987792,3.4001222,6.160122,5.7601223,4.250122,4.390122,3.320122,2.4201221,3.870122,4.660122,4.690122,4.580122,5.160122,4.900122,5.2601223,5.860122,5.790122,6.920122,6.670122,6.990122,6.540122,5.690122,4.890122,2.1701221,3.4101222,4.690122,4.810122,5.040122,5.2601223,6.230122,4.100122
-1.2898779,-2.399878,-2.999878,-3.139878,-3.629878,-5.109878,-5.399878,-5.2198777,-4.899878,-4.479878,-4.279878,-3.899878,-3.5698779,-3.3498778,-3.389878,-3.5798779,-3.719878,-3.889878,-3.979878,-3.899878,-3.379878,-2.029878,-1.189878,-1.2898779,-1.4998779,-2.429878,-2.129878,-2.739878,-2.929878,0.49012208,-2.3398778,2.6701221,4.200122,3.560122,3.050122,1.930122,2.9401221,4.830122,4.120122,4.980122,5.490122,6.090122,7.150122,7.350122,6.900122,7.860122,6.750122,6.3001223,5.590122,3.4401221,3.1501222,3.820122,5.350122,5.400122,5.930122,5.420122,6.180122,5.580122,5.970122
2.510122,2.110122,1.050122,0.48012206,-0.11987793,-0.36987793,-0.49987793,-0.7498779,-0.7698779,-0.6398779,-0.6498779,-0.7098779,-0.7098779,-0.9598779,-1.4898779,-2.0598779,-2.169878,-2.269878,-2.429878,-2.639878,-2.459878,-2.219878,-2.539878,-0.53987795,0.34012207,0.6801221,-0.08987793,-1.4198779,-2.459878,-3.0998778,-3.3698778,-1.959878,1.5801221,0.29012206,0.6601221,0.39012206,2.6901221,4.0301223,5.190122,7.310122,6.290122,8.140122,7.350122,7.200122,8.170122,7.360122,6.950122,5.680122,3.1701221,4.000122,5.290122,5.410122,6.0101223,6.330122,6.2801223,6.790122,7.200122,6.990122,7.230122
3.260122,3.870122,4.500122,4.2601223,4.380122,4.340122,4.0101223,3.500122,3.9401221,4.090122,4.0101223,4.220122,3.6501222,2.370122,0.9101221,-0.42987794,-1.069878,-0.6498779,-0.7798779,-1.7898779,-1.9898779,-1.4998779,-1.209878,-0.65987796,-0.08987793,1.8601221,2.6301222,2.620122,1.180122,0.39012206,-1.9898779,-3.039878,-3.919878,-3.879878,2.040122,4.130122,4.3201222,4.890122,6.920122,7.520122,7.480122,6.750122,6.380122,6.430122,8.040122,7.3201222,5.710122,4.090122,4.0301223,4.840122,5.970122,5.670122,6.450122,7.250122,7.630122,7.720122,8.120122,8.5601225,8.640122
4.720122,4.710122,4.880122,5.090122,6.170122,6.180122,6.080122,6.670122,6.340122,6.330122,6.3201222,4.730122,5.160122,5.8201222,4.2801223,1.7001221,1.4801221,0.9701221,1.660122,1.8501221,1.7501221,1.0101221,1.680122,0.78012204,0.32012206,2.000122,1.1301221,2.9101222,3.1901221,3.1701221,3.280122,2.6801221,1.2101221,0.24012206,-1.109878,-1.2898779,-1.7498779,-1.699878,-0.5898779,6.710122,8.450122,8.100122,7.980122,8.100122,7.190122,5.310122,3.070122,3.6601222,4.980122,6.290122,6.580122,7.220122,7.860122,8.200122,8.630122,8.940122,8.940122,9.380122,9.180122
5.450122,4.940122,4.990122,5.970122,6.930122,6.200122,6.700122,6.0101223,5.210122,4.350122,4.500122,2.290122,1.530122,2.040122,3.700122,2.860122,3.4001222,3.600122,3.590122,3.580122,3.480122,2.810122,1.8501221,1.3601221,1.560122,0.9801221,0.5001221,1.8801221,1.430122,1.2201221,3.810122,4.340122,4.660122,3.9001222,3.060122,3.330122,3.210122,2.9101222,1.050122,0.16012207,-1.6498779,-2.409878,-3.0598779,-1.2498779,0.13012207,2.1301222,3.290122,5.850122,6.660122,7.210122,7.660122,8.010122,8.550122,9.350122,10.000122,9.980122,10.480122,10.460122,10.110122
6.910122,6.680122,7.2801223,7.220122,7.450122,7.580122,6.910122,6.130122,4.630122,4.790122,6.940122,4.330122,3.100122,3.230122,1.550122,1.9401221,4.190122,5.110122,4.790122,4.440122,3.6701221,3.770122,3.6901221,3.260122,2.730122,3.6801221,3.4201221,2.6501222,2.120122,1.9701221,1.660122,2.340122,2.050122,3.330122,4.330122,5.220122,5.150122,4.670122,5.350122,5.2601223,5.420122,5.2801223,4.3201222,4.240122,4.5101223,5.740122,6.250122,7.000122,7.2601223,7.700122,7.900122,8.700122,9.550122,10.380122,10.620122,10.900122,11.270123,11.710122,11.340122
9.150122,8.930122,9.030122,9.160122,8.470122,8.260122,7.900122,7.270122,7.330122,6.630122,6.5301223,6.190122,5.270122,5.440122,6.3001223,6.420122,6.190122,6.470122,6.520122,6.170122,5.610122,5.710122,5.580122,5.440122,5.200122,5.470122,5.200122,5.250122,4.930122,4.440122,3.600122,3.340122,3.320122,3.010122,2.720122,3.1601222,4.290122,5.480122,6.190122,6.750122,6.930122,7.0701222,7.270122,7.5501223,7.930122,8.190122,8.470122,8.710122,9.010122,9.440122,9.870122,10.160122,10.620122,11.180122,11.440122,12.080122,13.030122,12.740122,12.780122
10.870122,11.080122,10.740122,10.420122,10.280122,9.940122,10.110122,9.8101225,9.410122,9.140122,9.200122,8.750122,8.370122,8.070122,8.120122,8.140122,8.370122,8.620122,7.990122,7.650122,8.100122,8.220122,8.470122,8.770123,8.490122,7.8201222,7.500122,7.370122,6.590122,6.410122,5.860122,5.750122,6.0301223,5.5701222,4.870122,4.3201222,4.000122,4.170122,4.150122,4.590122,5.610122,6.590122,7.150122,7.990122,8.500122,9.3101225,9.3101225,9.5601225,10.3101225,10.930122,11.450122,12.080122,12.640122,12.430122,12.430122,12.470122,12.010122,15.050122,11.830122
11.220122,11.640122,12.540122,12.700122,12.180122,11.720122,11.3101225,11.410122,11.300122,10.970122,10.780122,10.640122,10.580122,9.8101225,9.970122,9.690122,9.700122,9.770123,10.150122,9.970122,10.460122,10.290122,10.090122,10.730122,11.440122,10.850122,9.830122,8.410122,8.530122,8.210122,7.5101223,6.810122,7.000122,6.910122,6.970122,6.660122,6.470122,5.930122,5.970122,6.060122,6.710122,7.360122,8.020123,8.900122,9.600122,9.140122,9.510122,10.430122,11.220122,11.710122,12.400122,13.030122,12.720122,12.160122,12.040122,10.350122,11.970122,12.790122,13.480122
12.710122,12.620122,12.330122,13.5601225,13.980122,13.220122,12.800122,12.720122,12.160122,12.080122,11.850122,12.150122,11.910122,11.600122,10.5601225,9.590122,9.910122,10.440122,10.770123,10.950122,11.100122,11.280122,11.140122,10.150122,10.270123,10.730122,11.170122,11.030122,10.650122,10.550122,10.530122,9.880122,9.080122,8.730122,8.550122,8.180122,8.100122,8.100122,8.350122,8.500122,8.930122,9.270123,9.730122,10.180122,10.180122,9.960122,10.360122,11.230122,11.460122,11.930122,12.200122,12.510122,12.960122,12.220122,11.700122,11.940122,12.160122,13.000122,12.740122
12.870122,12.970122,13.140122,13.430122,13.770123,13.370122,12.840122,12.330122,12.720122,12.580122,12.8101225,12.870122,12.920122,12.100122,11.240122,10.910122,10.970122,10.700122,10.830122,10.800122,10.690122,11.170122,11.240122,10.970122,10.5601225,10.8101225,10.550122,10.610122,12.540122,12.610122,12.120122,12.170122,11.8101225,11.300122,10.450122,10.650122,10.590122,10.150122,10.230122,10.550122,10.710122,11.5601225,11.830122,11.760122,11.870122,11.270123,11.250122,11.740122,12.000122,12.260122,12.140122,12.340122,12.250122,11.030122,10.8101225,12.360122,13.410122,13.5601225,13.640122
13.780122,14.070122,14.300122,13.870122,13.780122,13.480122,13.470122,12.500122,12.080122,12.500122,12.890122,13.020123,12.880122,12.240122,11.890122,11.890122,11.580122,11.410122,11.530122,11.340122,11.120122,11.030122,10.950122,11.440122,12.010122,11.770123,12.410122,13.300122,13.420122,13.550122,14.080122,14.500122,13.930122,13.230122,12.930122,12.290122,11.860122,11.960122,11.620122,12.140122,12.620122,12.260122,11.870122,12.140122,12.390122,12.640122,12.550122,12.590122,12.760122,12.880122,12.630122,12.280122,12.090122,11.860122,11.520123,11.910122,12.730122,13.470122,13.920122
14.380122,14.320122,14.300122,14.010122,13.790122,13.800122,13.490122,12.590122,12.380122,12.240122,12.640122,12.610122,12.900122,12.670122,12.180122,11.700122,11.690122,11.570122,11.650122,11.510122,11.960122,11.540122,12.200122,12.860122,13.500122,14.130122,14.390122,14.780122,14.750122,15.320122,14.760122,14.990122,15.250122,16.420122,14.900122,13.640122,13.290122,12.5601225,12.460122,12.000122,11.020123,11.230122,10.980122,11.780122,12.180122,11.380122,11.5601225,12.780122,13.540122,13.050122,13.490122,13.000122,12.100122,11.990122,12.230122,12.920122,13.750122,14.130122,14.250122
14.590122,14.260122,14.190122,14.610122,14.280122,13.820122,12.890122,12.220122,11.920122,12.280122,12.750122,12.670122,12.020123,12.050122,11.3101225,11.570122,11.590122,11.930122,12.100122,12.120122,12.380122,13.330122,13.650122,14.230122,14.410122,14.970122,15.520123,16.260122,16.190123,16.460121,16.960121,17.060122,17.760122,16.600122,15.690122,14.420122,13.270123,13.3101225,12.710122,12.340122,12.090122,11.480122,10.220122,10.130122,10.000122,11.000122,10.520123,10.160122,10.080122,10.700122,11.290122,11.180122,11.150122,12.400122,13.580122,14.370122,14.710122,14.470122,14.430122
14.530122,14.800122,14.830122,14.820122,14.020123,13.300122,12.400122,11.450122,10.760122,10.530122,10.950122,12.500122,12.580122,11.380122,11.010122,10.950122,12.070122,13.030122,13.070122,12.710122,13.120122,13.240122,13.760122,12.680122,14.020123,15.030122,16.130121,16.300121,16.440123,16.640121,16.560122,16.360123,16.160122,15.020123,15.230122,15.320122,14.210122,13.200122,12.570122,12.120122,11.480122,10.990122,10.470122,10.400122,9.850122,9.530122,9.290122,9.490122,9.580122,9.950122,10.870122,11.770123,12.790122,13.580122,14.120122,13.960122,14.120122,14.280122,14.480122
13.440122,13.510122,13.550122,13.5601225,12.980122,12.930122,12.210122,11.150122,9.760122,8.920122,9.940122,11.230122,10.820122,9.970122,9.500122,10.130122,11.470122,12.110122,12.530122,12.830122,12.260122,11.260122,13.080122,14.070122,14.620122,15.470122,15.490122,16.720121,16.170122,15.580122,15.920122,15.230122,14.220122,14.570122,14.640122,12.830122,13.920122,13.650122,11.850122,12.180122,11.410122,10.600122,10.040122,10.3101225,9.920122,10.0601225,10.3101225,10.230122,10.880122,11.280122,12.260122,12.930122,13.180122,12.700122,12.920122,13.450122,14.050122,14.000122,14.320122
12.110122,12.430122,12.540122,13.570122,13.480122,12.700122,11.800122,10.490122,8.880122,7.970122,8.690122,8.940122,7.940122,8.410122,9.720122,9.740122,9.680122,9.720122,9.370122,9.660122,10.950122,12.430122,13.800122,13.960122,14.400122,14.820122,14.470122,15.110122,15.120122,14.660122,16.170122,18.140121,16.420122,15.340122,15.610122,14.100122,12.650122,12.210122,11.770123,11.650122,10.840122,10.300122,10.150122,10.290122,10.230122,10.320122,10.660122,11.470122,11.760122,12.100122,12.510122,12.930122,13.120122,13.700122,12.180122,8.800122,10.400122,11.850122,13.680122
