public/storage/wind-global.json
{"header": {"discipline":0,"disciplineName":"Meteorological products","gribEdition":2,"gribLength":79107,"center":7,"centerName":"US National Weather Service - NCEP(WMC)","subcenter":0,"refTime":"2020-03-28T18:00:00.000Z","significanceOfRT":1,"significanceOfRTName":"Start of forecast","productStatus":0,"productStatusName":"Operational products","productType":1,"productTypeName":"Forecast products","productDefinitionTemplate":0,"productDefinitionTemplateName":"Analysis/forecast at horizontal level/layer at a point in time","parameterCategory":2,"parameterCategoryName":"Momentum","parameterNumber":3,"parameterNumberName":"V-component_of_wind","parameterUnit":"m.s-1","genProcessType":2,"genProcessTypeName":"Forecast","forecastTime":0,"surface1Type":103,"surface1TypeName":"Specified height level above ground","surface1Value":10.0,"surface2Type":255,"surface2TypeName":"Missing","surface2Value":0.0,"gridDefinitionTemplate":0,"gridDefinitionTemplateName":"Latitude_Longitude","numberPoints":65160,"shape":6,"shapeName":"Earth spherical with radius of 6,371,229.0 m","gridUnits":"degrees","resolution":48,"winds":"true","scanMode":0,"nx":360,"ny":181,"basicAngle":0,"lo1":0.0,"la1":90.0,"lo2":359.0,"la2":-90.0,"dx":1.0,"dy":1.0}, "data":
[rows 0 to 25 of 181, columns 114 to 170 of 360]
3.4742298,3.5642297,3.6542296,3.7442298,3.8342297,3.9242296,4.0042295,4.0942297,4.1742296,4.26423,4.3442297,4.4242296,4.5042295,4.5742297,4.6542296,4.72423,4.8042297,4.87423,4.9442296,5.01423,5.08423,5.14423,5.2142296,5.2742295,5.33423,5.39423,5.45423,5.5042295,5.56423,5.6142297,5.66423,5.7142296,5.76423,5.8042297,5.85423,5.89423,5.93423,5.97423,6.01423,6.0442295,6.0742297,6.10423,6.1342297,6.16423,6.1942296,6.2142296,6.2342296,6.2542295,6.2742295,6.2942295,6.3042297,6.31423,6.3242297,6.33423,6.3442297,6.3442297,6.35423
4.91423,4.97423,5.01423,5.06423,5.1142297,5.1742296,5.22423,5.2842298,5.35423,5.41423,5.4842296,5.5542297,5.6342297,5.72423,5.8042297,5.89423,5.97423,6.0442295,6.12423,6.1942296,6.26423,6.3242297,6.37423,6.4242296,6.4642296,6.5042295,6.5442295,6.5742297,6.60423,6.6342297,6.66423,6.6942296,6.72423,6.74423,6.7742295,6.7842298,6.8042297,6.81423,6.83423,6.85423,6.8642297,6.8842297,6.89423,6.9042296,6.91423,6.91423,6.89423,6.87423,6.85423,6.83423,6.8042297,6.7742295,6.7542295,6.7142296,6.6742296,6.6342297,6.5942297
5.6342297,5.70423,5.76423,5.83423,5.9042296,5.97423,6.0442295,6.10423,6.1542296,6.20423,6.2542295,6.3042297,6.35423,6.4042296,6.45423,6.5042295,6.56423,6.6342297,6.70423,6.7742295,6.83423,6.87423,6.91423,6.93423,6.9642296,7.0042295,7.0542297,7.10423,7.14423,7.1942296,7.22423,7.24423,7.24423,7.24423,7.24423,7.24423,7.2542295,7.26423,7.2842298,7.2842298,7.26423,7.2342296,7.1942296,7.1542296,7.10423,7.0542297,6.99423,6.95423,6.91423,6.8842297,6.8442297,6.7942295,6.7342296,6.6742296,6.60423,6.5342298,6.45423
6.33423,6.43423,6.5342298,6.64423,6.72423,6.7742295,6.81423,6.83423,6.81423,6.7842298,6.76423,6.76423,6.85423,6.95423,7.0342298,7.12423,7.20423,7.2742295,7.3042297,7.2942295,7.2742295,7.24423,7.20423,7.1742296,7.12423,7.10423,7.0942297,7.12423,7.14423,7.14423,7.1542296,7.14423,7.12423,7.0942297,7.08423,7.08423,7.1142297,7.1342297,7.12423,7.0942297,7.06423,7.0542297,7.0242295,7.0442295,7.0542297,7.0342298,6.97423,6.91423,6.8242297,6.7542295,6.6742296,6.6142297,6.5542297,6.4842296,6.41423,6.3442297,6.26423
6.6542296,6.7742295,6.8442297,6.85423,6.8642297,6.91423,7.0242295,7.14423,7.22423,7.2342296,7.1542296,7.01423,6.9642296,7.0042295,7.10423,7.20423,7.2842298,7.35423,7.4042296,7.41423,7.3642297,7.2842298,7.2342296,7.22423,7.2342296,7.2142296,7.1542296,7.06423,6.9642296,6.8642297,6.7942295,6.7842298,6.7742295,6.7542295,6.74423,6.7142296,6.68423,6.64423,6.6142297,6.5742297,6.5342298,6.4842296,6.4242296,6.3242297,6.2342296,6.14423,6.06423,6.01423,5.9642296,5.93423,5.8842297,5.8242297,5.76423,5.6942296,5.6342297,5.5742297,5.5342298
6.6542296,6.8242297,6.97423,7.0742297,7.1342297,7.1742296,7.1742296,7.12423,7.01423,6.9642296,6.9642296,6.9242296,6.8442297,6.8242297,6.8242297,6.8842297,6.95423,6.9842296,7.0042295,6.89423,6.7842298,6.70423,6.66423,6.5542297,6.43423,6.3242297,6.24423,6.1142297,5.97423,5.8842297,5.8842297,5.9042296,5.93423,5.9642296,5.9442296,5.81423,5.6942296,5.58423,5.4642296,5.35423,5.26423,5.20423,5.1342297,5.10423,5.10423,5.12423,5.12423,5.1542296,5.1742296,5.16423,5.1342297,5.1142297,5.12423,5.1342297,5.12423,5.10423,5.1142297
6.7842298,6.8042297,6.8442297,6.93423,6.9842296,6.95423,6.81423,6.62423,6.45423,6.43423,6.37423,6.3242297,6.2942295,6.2342296,6.08423,5.9042296,5.7342296,5.66423,5.6542296,5.56423,5.37423,5.1942296,4.9842296,4.83423,4.74423,4.7142296,4.6942296,4.6342297,4.5942297,4.5942297,4.68423,4.72423,4.58423,4.41423,4.22423,4.12423,4.1342297,4.2142296,4.2842298,4.4042296,4.6342297,4.8842297,5.1142297,5.31423,5.60423,5.81423,5.9242296,5.9842296,6.08423,6.20423,6.24423,6.2742295,6.2842298,6.2742295,6.20423,6.16423,6.14423
6.51423,6.4642296,6.35423,6.20423,6.1942296,6.10423,5.89423,5.6942296,5.4242296,5.1342297,4.9842296,4.91423,4.9042296,4.83423,4.6142297,4.4042296,4.1142297,3.9642298,3.8242297,3.7042298,3.5642297,3.4942298,3.4342299,3.3342297,3.2542298,3.1842299,3.1442297,3.0842297,3.0442297,3.0342298,3.0242298,3.0642297,3.1642296,3.3342297,3.5142298,3.6742296,3.9442298,4.1742296,4.3842297,4.6142297,4.81423,4.9642296,5.1342297,5.3242297,5.5242295,5.7542295,5.8242297,5.7942295,5.8242297,5.93423,6.0442295,6.16423,6.18423,6.1342297,6.10423,6.1142297,6.0742297
5.9242296,5.7742295,5.66423,5.4642296,5.0542297,4.72423,4.4642296,4.24423,4.01423,3.8642297,3.7142298,3.5642297,3.4142296,3.2742298,3.1142297,2.9142296,2.7442298,2.6042297,2.4342299,2.2942297,2.2142298,2.2042298,2.2042298,2.1742296,2.0842297,2.0142298,2.0142298,2.0642297,2.1142297,2.1642296,2.2142298,2.2942297,2.4442298,2.6342297,2.9042296,3.1842299,3.5742297,4.0742297,4.4842296,4.76423,5.0042295,5.1942296,5.33423,5.39423,5.47423,5.58423,5.7142296,5.85423,5.9842296,6.0942297,6.0942297,6.0542297,6.1742296,6.31423,6.37423,6.39423,6.3642297
5.1742296,4.7942295,4.49423,4.0942297,3.7342298,3.5142298,3.3642297,3.1842299,2.9542298,2.7142298,2.5142298,2.2942297,2.0142298,1.7342297,1.4742297,1.2142297,0.98422974,0.8342297,0.74422973,0.65422976,0.60422975,0.54422975,0.46422973,0.40422973,0.44422972,0.5842297,0.86422974,1.4242297,2.1242297,2.5742297,2.7942297,2.9342299,3.1742296,3.5442297,3.8242297,4.0942297,4.4042296,4.70423,4.9442296,5.1942296,5.3242297,5.4242296,5.4842296,5.5542297,5.64423,5.7542295,5.8442297,5.95423,6.0042295,6.0942297,6.22423,6.45423,6.74423,6.97423,6.9642296,6.93423,7.0342298
3.9942298,3.6242297,3.4142296,3.2242298,2.9642298,2.6342297,2.3242297,1.9942298,1.6442298,1.2742298,0.90422976,0.5642297,0.22422974,-0.115770265,-0.33577025,-0.43577027,-0.52577025,-0.64577025,-0.77577025,-0.89577025,-0.9257703,-0.89577025,-0.6257703,0.014229736,0.52422976,0.91422975,1.2642298,1.7242297,2.1642296,2.4442298,2.5542297,2.7642298,3.0142298,3.1942298,3.3742297,3.5642297,3.8042297,4.1542296,4.62423,5.10423,5.5042295,5.76423,5.95423,6.1942296,6.3842297,6.43423,6.49423,6.6742296,6.91423,7.0742297,7.08423,7.1342297,7.16423,7.2342296,7.3242297,7.3242297,7.2542295
3.1242297,2.9042296,2.5742297,2.1942298,1.8242297,1.4542297,1.0942297,0.71422976,0.26422974,-0.18577026,-0.53577024,-0.88577026,-1.2157702,-1.4157703,-1.5957702,-1.8157703,-2.0057702,-2.0657701,-1.8957703,-1.5957702,-1.3157703,-1.0957702,-0.84577024,-0.36577025,0.12422974,0.11422974,0.31422973,0.6342297,1.0942297,1.5142298,1.6842297,2.0342298,2.5942297,3.0042298,3.4042296,3.6642296,3.9242296,4.5242295,5.0542297,5.08423,5.41423,6.08423,6.76423,7.2342296,7.51423,7.7142296,7.8442297,7.81423,7.8442297,8.07423,8.19423,8.31423,8.40423,8.36423,8.27423,8.19423,8.15423
2.2842298,1.9742297,1.6142297,1.2942297,0.99422973,0.59422976,0.13422973,-0.34577027,-0.84577024,-1.3157703,-1.7357702,-2.0657701,-2.2757702,-2.4357703,-2.5257702,-2.5057702,-2.3757703,-2.1957703,-1.9757702,-1.7557702,-1.5257703,-1.3457702,-1.2157702,-1.0557703,-1.0857702,-1.0857702,-0.9157703,-0.65577024,-0.33577025,0.0042297365,0.45422974,1.2242297,2.5542297,3.5042298,4.10423,4.08423,4.39423,5.4442296,6.2542295,6.76423,7.0742297,7.2942295,7.26423,7.43423,7.7542295,8.01423,8.284229,8.48423,8.60423,8.704229,8.81423,8.85423,8.7942295,8.82423,8.85423,8.51423,8.35423
2.0542297,1.5842297,1.1042297,0.61422974,0.17422974,-0.32577026,-0.94577026,-1.3557702,-1.5057702,-1.7957703,-2.1857703,-2.4457703,-2.5157702,-2.5257702,-2.4157703,-2.2657702,-2.1457703,-2.0657701,-2.0157702,-1.9057703,-1.7157702,-1.5857702,-1.4957702,-1.5157703,-1.5857702,-1.5857702,-1.4157703,-1.2157702,-1.1357703,-0.34577027,0.8842297,1.6042297,1.9242297,2.2342298,3.0942297,4.3042297,4.5942297,4.97423,5.6942296,6.1942296,6.68423,7.1942296,7.5042295,7.7742295,8.084229,8.30423,8.42423,8.68423,9.00423,9.19423,9.15423,9.13423,9.05423,9.02423,9.034229,8.71423,8.334229
1.9442297,0.96422976,0.17422974,-0.45577025,-1.1057702,-1.4157703,-1.5157703,-1.7657703,-2.0057702,-2.2457702,-2.4957702,-2.5957704,-2.5957704,-2.6057703,-2.5257702,-2.4957702,-2.4857702,-2.4557703,-2.3757703,-2.2257702,-2.2857702,-2.4057703,-2.1757703,-1.9357703,-1.6957703,-1.8857703,-1.6957703,-0.7357703,-0.17577027,0.49422973,1.0942297,1.3542297,1.9242297,3.1742296,3.9342299,4.4642296,5.0742297,5.5442295,6.0942297,6.64423,6.81423,6.97423,7.4042296,7.6342297,7.8642297,8.02423,8.38423,8.454229,8.55423,8.69423,8.82423,9.02423,9.25423,9.32423,9.17423,8.874229,8.69423
-0.64577025,-0.76577026,-1.1957703,-1.5257703,-1.7957703,-2.0957704,-2.2557702,-2.4657702,-2.6657703,-2.8657703,-3.0657701,-3.1257703,-3.0057702,-2.9157703,-2.7857702,-2.7257702,-2.7757702,-2.7757702,-2.7257702,-2.6957703,-2.5457702,-2.5557702,-2.6657703,-2.4457703,-1.9657702,-2.2257702,-2.5657701,-2.0657701,-1.4757702,-1.0757703,-0.83577025,-0.0057702637,1.0342298,1.6142297,2.1142297,2.7542298,3.3742297,4.74423,5.2542295,5.70423,5.60423,5.7342296,6.2342296,7.08423,7.37423,7.6942296,7.8642297,8.26423,8.584229,8.80423,9.18423,9.334229,9.40423,9.494229,9.59423,9.46423,9.13423
-1.0957702,-1.3957703,-1.7657703,-2.0957704,-2.2357702,-2.4257703,-2.5757704,-2.3557703,-2.5057702,-2.6157703,-2.5957704,-2.2057703,-2.0457702,-1.9457703,-1.9257703,-1.8857703,-1.8657702,-1.7557702,-1.4557703,-1.5057702,-1.7257702,-2.0357702,-2.4057703,-2.5157702,-2.4957702,-2.6057703,-2.5557702,-1.5557703,-1.2657703,-0.88577026,-0.70577025,-0.19577026,0.60422975,1.2142297,1.6342298,2.2442298,2.7442298,3.0842297,3.3242297,3.5142298,3.6942298,4.5242295,5.7742295,6.3242297,6.7842298,7.0442295,7.41423,7.7342296,8.10423,8.18423,8.084229,8.31423,8.81423,9.42423,9.89423,9.94423,9.77423
-0.39577025,-0.63577026,-1.0457703,-1.4657702,-1.9957702,-1.7757703,-1.2357702,-0.8657703,-0.37577027,-0.17577027,-0.48577026,-0.47577026,-0.5457703,-0.18577026,0.19422974,-0.035770264,-0.35577026,-0.72577024,-1.1557703,-1.5157703,-1.6057702,-1.3557702,-1.3457702,-1.2757703,-1.4357703,-1.4257703,-1.2457702,-1.1257702,-0.32577026,1.0542297,1.7042297,1.7642298,2.3442297,2.9642298,3.3842297,3.4242296,3.1742296,3.1742296,3.3642297,3.9642298,4.83423,4.99423,5.01423,5.14423,5.35423,5.7342296,6.10423,6.4642296,6.93423,7.6742296,8.09423,8.374229,8.55423,8.64423,8.94423,9.34423,9.7942295
-0.21577026,-0.9857703,-1.4057703,-1.6757703,-1.5757703,-1.5357703,-1.4157703,-0.76577026,-0.46577027,-0.46577027,-0.015770264,1.2542298,1.0342298,1.4842297,0.8342297,-0.22577026,0.064229734,-0.30577028,-0.64577025,-0.81577027,-0.82577026,-0.77577025,-0.42577025,-0.30577028,-0.055770263,-0.07577027,0.15422973,0.20422974,0.024229737,0.35422975,1.6242298,2.2042298,2.9842298,2.6942298,2.8142297,3.0942297,3.2242298,3.2242298,4.18423,4.6142297,5.01423,5.5342298,5.6542296,5.6142297,5.60423,5.5242295,5.64423,5.6942296,5.7742295,6.2142296,7.01423,7.3042297,7.72423,7.7742295,7.76423,8.284229,8.56423
-1.1657703,-1.6557703,-1.9357703,-2.0757704,-1.5657703,-1.0057702,-1.2657703,0.16422974,1.3042297,2.4142296,1.9742297,2.0042298,2.7242298,2.3542297,1.8942298,0.92422974,1.0842297,0.39422974,-0.07577027,-0.18577026,0.55422974,0.034229737,-0.40577027,-0.25577027,-0.06577026,0.10422973,0.024229737,0.054229736,0.27422974,0.48422974,0.86422974,1.8842298,2.7742298,3.0842297,2.8142297,1.7542298,1.5942297,1.8242297,2.7942297,3.7842298,4.2842298,4.39423,4.7742295,5.56423,6.51423,6.4042296,6.8242297,6.0542297,4.0742297,4.14423,4.5542297,5.5542297,7.0242295,8.60423,9.57423,6.12423,5.1742296
-1.4657702,-1.0357703,-0.72577024,-0.23577027,0.30422974,0.42422974,1.1442298,1.5942297,1.6042297,1.6442298,1.6942297,1.3742298,1.9542297,2.0342298,1.4442297,0.7542297,-0.16577026,0.31422973,-0.17577027,-1.0257703,-0.50577027,-0.78577024,-0.045770265,-0.37577027,-0.71577024,0.024229737,0.6242297,0.71422976,0.86422974,1.4942298,1.2042297,1.1842297,1.9342297,1.8642297,1.8942298,1.4242297,0.71422976,1.1642298,1.9542297,2.4442298,2.9842298,3.9742298,4.14423,4.5742297,5.1342297,6.6942296,7.76423,6.7742295,3.1142297,2.9642298,5.1142297,4.16423,4.47423,6.47423,8.244229,12.27423,12.47423
-1.5557703,-0.71577024,-0.06577026,0.35422975,0.59422976,2.4442298,2.7042298,1.6842297,1.9942298,1.8042297,2.8142297,3.8842297,2.7342298,1.1042297,0.90422976,0.034229737,-0.12577027,-0.59577024,-0.7457703,-1.6457703,-0.76577026,0.61422974,0.74422973,0.86422974,0.094229735,-0.34577027,0.34422973,0.25422972,-0.21577026,-0.26577026,-0.14577027,0.15422973,1.0042298,0.71422976,-0.27577028,-1.3057703,-0.94577026,0.98422974,2.7042298,3.1942298,3.6842299,3.5442297,4.4642296,4.6542296,4.95423,6.60423,8.84423,8.374229,1.3842298,1.8842298,3.2942297,5.0742297,4.72423,4.0542297,5.33423,4.06423,7.24423
-0.53577024,0.044229735,0.21422973,0.7642297,3.7142298,2.2242298,2.0142298,2.1642296,1.9142298,2.3842297,4.0942297,3.5342298,1.7342297,1.0342298,0.13422973,-0.7457703,-1.7357702,-0.6157703,-0.15577026,0.71422976,0.41422975,0.48422974,-0.8057703,0.79422975,2.4942298,0.08422974,-0.46577027,0.054229736,0.80422974,0.49422973,0.5142297,-0.045770265,-0.8057703,-1.2457702,-0.35577026,-0.70577025,-1.0257703,2.0442297,2.7142298,2.5142298,3.3142297,4.2342296,3.7142298,3.7042298,4.70423,5.7342296,4.85423,7.64423,3.8842297,1.0142298,1.0342298,0.93422973,-0.26577026,1.7642298,6.2142296,4.6542296,4.91423
1.5142298,1.5142298,2.4542298,3.7542298,3.7442298,2.0442297,2.4942298,1.4042298,2.2542298,2.5142298,3.4842298,3.1442297,1.3542297,0.48422974,-0.25577027,-0.56577027,0.6942297,0.15422973,0.43422973,0.9442297,0.53422976,0.44422972,0.23422974,0.5642297,0.20422974,0.10422973,0.8342297,0.23422974,-0.59577024,-0.49577028,0.7542297,-0.20577027,-0.76577026,-1.7857703,0.25422972,0.0042297365,1.3242297,1.9142298,2.0142298,1.3042297,2.0442297,2.1642296,1.3342297,2.5042298,2.5942297,2.3542297,1.4942298,0.14422974,2.1342297,0.34422973,-1.2157702,4.76423,1.7842298,4.12423,4.3242297,2.5642297,2.6742296
1.5542297,1.3142297,2.6542296,2.7242298,1.8742298,1.7342297,1.5142298,1.8342297,2.8742297,2.5742297,2.4342299,1.5742297,0.21422973,0.5042297,0.46422973,1.3742298,0.26422974,0.80422974,2.1442297,1.5642297,1.0942297,1.7442298,1.7042297,1.3742298,-0.17577027,0.53422976,-0.63577026,-0.15577026,-0.6057703,0.5042297,0.024229737,0.59422976,-0.10577026,1.9842297,-0.045770265,-1.7457702,-1.7857703,2.8942297,1.2942297,1.8142297,1.3742298,3.0442297,2.2442298,0.5042297,3.9942298,7.0042295,1.2242297,1.7042297,4.5942297,6.4242296,7.66423,5.8042297,2.9742298,1.6542298,1.7142297,1.5342298,2.0742297
0.5742297,0.42422974,0.92422974,0.8342297,1.4142298,1.4642297,1.1642298,1.2342297,1.4042298,2.1442297,1.9442297,1.9542297,-0.12577027,-0.20577027,1.0542297,0.054229736,0.7542297,3.1742296,1.5842297,1.9842297,1.9742297,1.5242298,1.8442297,1.0742297,-0.15577026,-1.5457703,-0.59577024,-2.4257703,-1.6557703,-1.4157703,-0.71577024,-0.48577026,-0.40577027,0.86422974,-0.31577027,0.68422973,2.1542296,3.8142297,0.6942297,0.8242297,0.20422974,0.40422973,0.22422974,-0.33577025,1.3842298,1.3342297,2.4742298,1.8442297,1.4642297,2.2942297,3.2442298,1.9942298,1.3742298,0.24422973,2.1742296,1.9942298,-0.8657703
